"subject" "activity" "body_acc_x" "body_acc_y" "body_acc_z" "gyro_x" "gyro_y" "gyro_z" "total_acc_x" "total_acc_y" "total_acc_z" "sd_body_x" "sd_body_y" "sd_body_z" "sd_gyrox" "sd_gyroy" "sd_gyroz" "sd_total_x" "sd_total_y" "sd_total_z"
1 "LAYING" -0.0115358889115141 -0.0122609074114397 -0.00161731865601312 0.0114704403783495 0.00444869266497344 0.0275984349941828 0.0114704403783495 0.00444869266497344 0.0275984349941828 0.0247932385018487 0.0296083056112129 0.0343065220791623 0.111817844454636 0.0394522230181932 0.0466008544566952 0.111817844454636 0.0394522230181932 0.0466008544566952
1 "SITTING" -0.00336698807718783 0.00830296874545219 0.00124322219354089 -0.0182292707113541 -0.0079394077457631 -0.0103572343574678 -0.0182292707113541 -0.0079394077457631 -0.0103572343574678 0.0088169456999404 0.0149526077204382 0.0138905489270345 0.0215434646598802 0.0276759264377177 0.030553897435541 0.0215434646598802 0.0276759264377177 0.030553897435541
1 "STANDING" 0.000276532436453538 0.000524808830951651 -0.000757860253643455 0.0038027338948237 0.00674630111015065 -0.00510396859477624 0.0038027338948237 0.00674630111015065 -0.00510396859477624 0.00279620777116816 0.00631350409967788 0.00666297501787722 0.0128522266389872 0.0114006198961243 0.0115637624739882 0.0128522266389872 0.0114006198961243 0.0115637624739882
1 "WALKING" -5.04911990559208e-05 -0.000128854135947368 -0.000938320109560033 -0.014599858215148 0.00217139307711349 -0.00061430490753125 -0.014599858215148 0.00217139307711349 -0.00061430490753125 0.234133338780874 0.192116753389082 0.136100278562349 0.460148204398441 0.725724933538022 0.319697711403702 0.460148204398441 0.725724933538022 0.319697711403702
1 "WALKING_DOWNSTAIRS" 0.00239312484429209 0.00378679923166454 0.000244930193343431 -0.0076353937466199 -0.00749376960210459 0.00166069456162309 -0.0076353937466199 -0.00749376960210459 0.00166069456162309 0.336079889792081 0.167107738240112 0.141422318310637 0.473650027519683 0.670805656547777 0.426010424400372 0.473650027519683 0.670805656547777 0.426010424400372
1 "WALKING_UPSTAIRS" -0.00455728508969634 -0.00357455272079452 0.00363560725781545 0.0806764951158314 -0.041460951730513 -0.0123806836501887 0.0806764951158314 -0.041460951730513 -0.0123806836501887 0.211075716737085 0.172166978248995 0.179359824376013 0.398028599008249 0.770670697587944 0.240820734434467 0.398028599008249 0.770670697587944 0.240820734434467
2 "LAYING" 0.000782620459907878 -0.000535310148371875 0.00035083131030599 0.00948662885829163 -0.0169135999761123 0.0259136753102604 0.00948662885829163 -0.0169135999761123 0.0259136753102604 0.0098467393932228 0.00510277494154364 0.00586136617818346 0.0119088920333111 0.0155671989615223 0.0214119134308631 0.0119088920333111 0.0155671989615223 0.0214119134308631
2 "SITTING" -0.000100652413850713 0.000760627952901495 -0.000300818998898777 -0.0183536569299141 0.0065063506496678 -0.0199630489963625 -0.0183536569299141 0.0065063506496678 -0.0199630489963625 0.00570006599370221 0.0101547066930396 0.0102503102228301 0.0141148265038151 0.0181485853726156 0.0216553942595138 0.0141148265038151 0.0181485853726156 0.0216553942595138
2 "STANDING" 6.91830141262442e-05 -0.000672778292970197 0.000792520785668692 0.00393201028634795 -0.0034766182422254 0.000664936673678241 0.00393201028634795 -0.0034766182422254 0.000664936673678241 0.00555398629324167 0.00902714663922681 0.0120642036221216 0.0252118750798988 0.0238727618319271 0.0192087405353638 0.0252118750798988 0.0238727618319271 0.0192087405353638
2 "WALKING" -0.000236823526445975 -0.0007640919728125 0.000927358610169756 -0.0261456554122987 0.0117845148574828 -0.00154868120596663 -0.0261456554122987 0.0117845148574828 -0.00154868120596663 0.188678607759782 0.159223036474717 0.106385882218855 0.383504266451495 0.355332679945745 0.25345015970436 0.383504266451495 0.355332679945745 0.25345015970436
2 "WALKING_DOWNSTAIRS" 8.15666749335119e-06 -0.00289702140073138 -0.00280964498676695 -0.0910397032603723 0.031386088491999 0.00479812537430186 -0.0910397032603723 0.031386088491999 0.00479812537430186 0.341385987338924 0.217471386768029 0.164368852531311 0.593160810128313 0.449272731386614 0.351097151337718 0.593160810128313 0.449272731386614 0.351097151337718
2 "WALKING_UPSTAIRS" -0.00626711601526693 -0.00224174608150846 -0.0146031169508174 -0.0309573604757487 0.0190761039483724 -0.007743288215625 -0.0309573604757487 0.0190761039483724 -0.007743288215625 0.227428597731043 0.191017624067003 0.16269940599083 0.490001601715019 0.410568810200016 0.406984635848773 0.490001601715019 0.410568810200016 0.406984635848773
3 "LAYING" -0.000424302075489919 -0.000953314750890121 0.00231474892565257 0.00707281137663609 0.00112362553571447 0.0228672015564589 0.00707281137663609 0.00112362553571447 0.0228672015564589 0.00701450518248103 0.00821526860829795 0.00955562439676781 0.0238646286818087 0.0194092939919658 0.0198629384223414 0.0238646286818087 0.0194092939919658 0.0198629384223414
3 "SITTING" -0.00419954746515084 0.0071518143813936 0.00328679500347386 -0.0112021383501723 -0.000407067605547776 0.00339847371174669 -0.0112021383501723 -0.000407067605547776 0.00339847371174669 0.0108374794691943 0.0262275146747725 0.0254857388640847 0.0317985432119848 0.0442258869068616 0.0378227915221471 0.0317985432119848 0.0442258869068616 0.0378227915221471
3 "STANDING" 0.000509173695485272 0.00146889766758248 0.00220862876287923 0.00310670472657787 0.00714678968143955 -0.00876620069872387 0.00310670472657787 0.00714678968143955 -0.00876620069872387 0.0122240271263694 0.0199355988291742 0.0189560668725099 0.0883771289893086 0.057290164184632 0.0446256040225644 0.0883771289893086 0.057290164184632 0.0446256040225644
3 "WALKING" -0.000413872830590652 -2.02621447764008e-05 -0.00144266983757813 0.00209813659221444 -0.00161440306505657 -0.00220595817404903 0.00209813659221444 -0.00161440306505657 -0.00220595817404903 0.209240438011909 0.160619943966853 0.113191908681054 0.374518140311476 0.33593479222256 0.255575367320821 0.374518140311476 0.33593479222256 0.255575367320821
3 "WALKING_DOWNSTAIRS" 0.00305982842274872 -0.0011629786873023 -0.00258729414628584 -0.107155483487921 0.0272718476380166 0.0165944493262564 -0.107155483487921 0.0272718476380166 0.0165944493262564 0.307668643333323 0.166900276896801 0.117718719997164 0.644656735321296 0.34898905646207 0.272226309778443 0.644656735321296 0.34898905646207 0.272226309778443
3 "WALKING_UPSTAIRS" -0.0034530665892214 -0.00801077242356991 -0.000580482469830508 0.103003805232336 -0.0293182022684719 -0.02866763644067 0.103003805232336 -0.0293182022684719 -0.02866763644067 0.224586664007498 0.174549769913918 0.116367360336316 0.475384049890987 0.321428565807872 0.248006907273706 0.475384049890987 0.321428565807872 0.248006907273706
4 "LAYING" -0.00288854068113092 0.00111981931737066 -0.000786379090290509 0.0190214931005991 -0.0084309319287338 0.0369065337980098 0.0190214931005991 -0.0084309319287338 0.0369065337980098 0.016301167906698 0.0116905445540906 0.00973972723719199 0.0251214912678451 0.0317826221694184 0.020556240524842 0.0251214912678451 0.0317826221694184 0.020556240524842
4 "SITTING" -0.00124420927322266 0.00523206258104813 0.000803732618706563 -0.0224510501899384 -0.00681333953868094 0.00655809741564375 -0.0224510501899384 -0.00681333953868094 0.00655809741564375 0.00781594562106075 0.0204865807505306 0.0152183364955828 0.0277083407852219 0.0338044839281327 0.0370681579341728 0.0277083407852219 0.0338044839281327 0.0370681579341728
4 "STANDING" 0.000602576299563616 0.00401202160235073 0.00401368576647573 -0.00306316049434152 0.00565024138079074 -0.00476632015512165 -0.00306316049434152 0.00565024138079074 -0.00476632015512165 0.00891715495301658 0.0253768567076598 0.0215706226188622 0.080343278364273 0.0408786066128404 0.0457726925076486 0.080343278364273 0.0408786066128404 0.0457726925076486
4 "WALKING" 0.000207368155971354 0.00120543976572526 -0.00102254446784505 -0.00425263819567708 0.000744455540416667 -0.00255156665798958 -0.00425263819567708 0.000744455540416667 -0.00255156665798958 0.183094461715684 0.159097393646937 0.0774329765857893 0.436304469595107 0.258157629819505 0.165557090664548 0.436304469595107 0.258157629819505 0.165557090664548
4 "WALKING_DOWNSTAIRS" 0.000492442967631945 0.00384790223680556 0.000505458824418403 -0.0775202392881701 0.00177744337545139 -0.0119804035823299 -0.0775202392881701 0.00177744337545139 -0.0119804035823299 0.329958141194942 0.135220244133688 0.0966875520268981 0.550094617120377 0.232084546764709 0.245027392765201 0.550094617120377 0.232084546764709 0.245027392765201
4 "WALKING_UPSTAIRS" -0.00138054912814002 -0.00778496399770733 -0.00195291145792818 0.0691595651582091 -0.0052408352585637 -0.000866329750922476 0.0691595651582091 -0.0052408352585637 -0.000866329750922476 0.259738018657437 0.161170726140763 0.115938777844976 0.476784496942272 0.345586194162997 0.311686921524456 0.476784496942272 0.345586194162997 0.311686921524456
5 "LAYING" 0.000156324978158323 -0.000611612398061599 0.000122237646045373 0.0059626190485652 -0.00249746454457151 0.0325576263695337 0.0059626190485652 -0.00249746454457151 0.0325576263695337 0.0124865593790527 0.00697879090865075 0.00867955199228754 0.0195515587886843 0.019290855822536 0.0212776860063386 0.0195515587886843 0.019290855822536 0.0212776860063386
5 "SITTING" -0.000799927948313565 0.00379606698153494 -7.68573316132813e-05 -0.0150170975953089 -0.00415780967778871 -0.00174351690017862 -0.0150170975953089 -0.00415780967778871 -0.00174351690017862 0.00760960277535887 0.0180759774580501 0.0163168287488637 0.0311099815182064 0.0402379281591003 0.0309354380003696 0.0311099815182064 0.0402379281591003 0.0309354380003696
5 "STANDING" 0.0010239383253571 0.00531539694492441 0.00202714877355748 -0.00474039744339171 0.0105432355825085 -0.00762946506118192 -0.00474039744339171 0.0105432355825085 -0.00762946506118192 0.0116231932223628 0.024037118240809 0.026525710060173 0.0797274011075646 0.0527357318714246 0.0469945603352777 0.0797274011075646 0.0527357318714246 0.0469945603352777
5 "WALKING" 5.49378844977676e-05 -7.70382653041294e-05 0.000186927531498326 -0.0218822389265346 0.00240460003061942 -0.00211967320304129 -0.0218822389265346 0.00240460003061942 -0.00211967320304129 0.230767906881349 0.185674260562418 0.10067355651463 0.445046647545727 0.381231375757818 0.332076740416909 0.445046647545727 0.381231375757818 0.332076740416909
5 "WALKING_DOWNSTAIRS" 0.00329073173105053 0.00453025937907247 0.00263866356910572 -0.0418930660643118 0.00160677536985372 -0.00251249345378989 -0.0418930660643118 0.00160677536985372 -0.00251249345378989 0.415684561073082 0.188068384822887 0.124255581128416 0.471371736989542 0.454328972835928 0.376057277704631 0.471371736989542 0.454328972835928 0.376057277704631
5 "WALKING_UPSTAIRS" -0.00187869311153923 -0.00807163455256981 0.000276225530490359 0.0693004434081749 -0.0193492855700133 -0.0194246224910971 0.0693004434081749 -0.0193492855700133 -0.0194246224910971 0.311465544250243 0.204170694227251 0.127304258375926 0.486440689658547 0.430435901725321 0.357859979490017 0.486440689658547 0.430435901725321 0.357859979490017
6 "LAYING" -0.00595969921535033 0.0036113954618687 -0.00819638475029276 0.0203323996502719 -0.0148446252517996 0.0410587608178561 0.0203323996502719 -0.0148446252517996 0.0410587608178561 0.0228461115012518 0.0146064748680222 0.0164748407146287 0.0405558583990869 0.0451595286368331 0.0316598276058993 0.0405558583990869 0.0451595286368331 0.0316598276058993
6 "SITTING" -0.000164303442534574 0.00133593051146449 -0.000601249092201847 -0.00986933461181477 -0.0070292750622625 -0.000397531556147728 -0.00986933461181477 -0.0070292750622625 -0.000397531556147728 0.00786305550790667 0.0147709320784024 0.0163703558210735 0.038823424022311 0.0447805245263672 0.0313986152203685 0.038823424022311 0.0447805245263672 0.0313986152203685
6 "STANDING" 0.000570943425822643 -0.000516896070582538 -0.00127682976054825 -0.000595121130686678 0.00693360656300164 -0.0042459084296546 -0.000595121130686678 0.00693360656300164 -0.0042459084296546 0.00734541220500848 0.0151448681070083 0.0163891893324104 0.0473628974468419 0.0460386202366227 0.0274762152480981 0.0473628974468419 0.0460386202366227 0.0274762152480981
6 "WALKING" 0.00125361086125 0.000127318237214912 -0.000659203091705044 0.00223314137040214 -4.82396223917217e-05 -0.00108519217804276 0.00223314137040214 -4.82396223917217e-05 -0.00108519217804276 0.229975084719683 0.200615970686676 0.0921667689559645 0.48410806808272 0.513604389795093 0.300875593158522 0.48410806808272 0.513604389795093 0.300875593158522
6 "WALKING_DOWNSTAIRS" -0.000109326533723959 -0.00125814180607747 0.000362807785319011 -0.0705534005924528 0.0181325248358073 0.00029585718042806 -0.0705534005924528 0.0181325248358073 0.00029585718042806 0.450980540849663 0.234090249902881 0.125278349547586 0.699822020080527 0.622669658281746 0.440837872141772 0.699822020080527 0.622669658281746 0.440837872141772
6 "WALKING_UPSTAIRS" -0.0019261144401348 -0.0052998792535386 -0.00455037321912377 -0.0506039534477022 0.0101320629135386 -0.00881170021187194 -0.0506039534477022 0.0101320629135386 -0.00881170021187194 0.31003232073523 0.204897345913136 0.11928702862402 0.592129352309138 0.525777925989033 0.397346952033257 0.592129352309138 0.525777925989033 0.397346952033257
7 "LAYING" -0.00564642044646875 -0.00173246452809381 0.00229474419698528 0.0256274303984285 -0.0267583634335763 0.0307986239309543 0.0256274303984285 -0.0267583634335763 0.0307986239309543 0.0220454898596224 0.0143300991701915 0.0114821586452753 0.0364207427602946 0.044059491488985 0.0238385581945355 0.0364207427602946 0.044059491488985 0.0238385581945355
7 "SITTING" 0.00146294111619303 0.00132553769937874 -0.00467661627993853 -0.0226516064794125 0.0183881838722669 -0.0267258621508739 -0.0226516064794125 0.0183881838722669 -0.0267258621508739 0.0102987086563943 0.0172014008886504 0.0288266126158852 0.0523180941739456 0.0447848945546609 0.0326866536068822 0.0523180941739456 0.0447848945546609 0.0326866536068822
7 "STANDING" 0.00106085732987235 0.00134491413118956 0.00281774091612795 -0.0015298408928352 -0.00139703185049587 -0.000543630772416126 -0.0015298408928352 -0.00139703185049587 -0.000543630772416126 0.00814161540249061 0.0148189709250821 0.0179408593307742 0.0493776084932712 0.0405572420590622 0.0256127176011651 0.0493776084932712 0.0405572420590622 0.0256127176011651
7 "WALKING" -0.000408617679499726 -0.000794905071299342 -0.000860403936493969 0.0309025443534814 -0.00423138748870614 -0.00983538524273602 0.0309025443534814 -0.00423138748870614 -0.00983538524273602 0.219999100901014 0.159364722852434 0.211570520952721 0.434217264029174 0.590618426863777 0.294641921199683 0.434217264029174 0.590618426863777 0.294641921199683
7 "WALKING_DOWNSTAIRS" 0.000562871270169548 0.000264835219983378 0.00375575008317819 -0.0801716179116689 0.0111166523174518 0.0135264277679521 -0.0801716179116689 0.0111166523174518 0.0135264277679521 0.347791404948708 0.148958247294569 0.171418041958973 0.517439847353067 0.543517834239299 0.292202582188495 0.517439847353067 0.543517834239299 0.292202582188495
7 "WALKING_UPSTAIRS" -0.00594931173813572 -0.0054684374507935 -0.0117145493605545 -0.114586175367947 0.0324478559844669 0.0234060600657062 -0.114586175367947 0.0324478559844669 0.0234060600657062 0.230516288624625 0.116845502183625 0.156666954245522 0.55566034566766 0.328889310039106 0.317415475316865 0.55566034566766 0.328889310039106 0.317415475316865
8 "LAYING" -0.00336354284419097 -0.00214526768567824 0.00200261437051244 0.0340638952483782 -0.00668121104158738 0.0229507386982675 0.0340638952483782 -0.00668121104158738 0.0229507386982675 0.0199246533838069 0.0128560961483287 0.0151664628665575 0.031999482261736 0.0387257895853346 0.0178854000827814 0.031999482261736 0.0387257895853346 0.0178854000827814
8 "SITTING" -0.00207817826619327 0.00546156779540133 0.00127068462363179 -0.027913265940465 -0.0095579078672051 -0.00651842875019922 -0.027913265940465 -0.0095579078672051 -0.00651842875019922 0.00823304886680775 0.0141474262956863 0.0138965304101978 0.0151754483469801 0.0238278258615701 0.0217426277584681 0.0151754483469801 0.0238278258615701 0.0217426277584681
8 "STANDING" 0.00042148084476985 0.00122046164581944 0.000724318448216435 0.00588661223171149 0.0209166400575839 -0.0100219610779554 0.00588661223171149 0.0209166400575839 -0.0100219610779554 0.00505248957993052 0.0122431129729479 0.0163221311615218 0.0252190590850765 0.0254198340990917 0.0147242754852682 0.0252190590850765 0.0254198340990917 0.0147242754852682
8 "WALKING" -0.000595461750553385 -0.000799741181819661 0.000348690187060547 0.0527882514470052 -0.00968562202003581 -0.0156530862346419 0.0527882514470052 -0.00968562202003581 -0.0156530862346419 0.269916346236376 0.237612262257734 0.157310138937421 0.699033181307916 0.605240584484052 0.449860928634245 0.699033181307916 0.605240584484052 0.449860928634245
8 "WALKING_DOWNSTAIRS" 0.00121759228741365 -0.00208111627527755 0.000234377669880756 -0.0964463194692434 0.0109547679856086 0.0123089008618627 -0.0964463194692434 0.0109547679856086 0.0123089008618627 0.334164265482115 0.231299115431461 0.206910181504211 0.647462942320581 0.786140217054997 0.423655864256109 0.647462942320581 0.786140217054997 0.423655864256109
8 "WALKING_UPSTAIRS" -0.0038528055909032 -0.00582385522955793 -0.00225109782014101 0.227287981474272 -0.0586336703780272 -0.0702777340204078 0.227287981474272 -0.0586336703780272 -0.0702777340204078 0.270531569571221 0.232143435967737 0.204656866238561 0.552547101974589 0.71646959048271 0.649821108899145 0.552547101974589 0.71646959048271 0.649821108899145
9 "LAYING" -0.00378781091017634 -0.00177739953727687 0.000250370930332188 0.0144830705982678 -0.0381799026011172 0.00661327766128875 0.0144830705982678 -0.0381799026011172 0.00661327766128875 0.0201547253092997 0.0160332538453771 0.0136889525517444 0.0519910557214932 0.0581858861232362 0.0207878737752202 0.0519910557214932 0.0581858861232362 0.0207878737752202
9 "SITTING" -0.00602765974368063 -0.00518146462093375 0.0108778374877441 -0.0151133804289714 0.0148596908945359 -0.00245233219708 -0.0151133804289714 0.0148596908945359 -0.00245233219708 0.015315395849173 0.023063133408559 0.0332382062471854 0.0373845303278959 0.0638739105953295 0.0360006920036133 0.0373845303278959 0.0638739105953295 0.0360006920036133
9 "STANDING" 0.000975646581522674 -0.00152493773739809 0.00430529134118212 -0.00155553747638264 0.00610836861149861 0.00571301487133819 -0.00155553747638264 0.00610836861149861 0.00571301487133819 0.00930032160819328 0.0122164070554983 0.0175395286203155 0.0696300479663095 0.0433133382687995 0.0312977150966811 0.0696300479663095 0.0433133382687995 0.0312977150966811
9 "WALKING" 0.000191052807671274 -0.000498834800628005 -0.000830103153215144 -0.0548277159004477 0.00531838462992788 0.0111961964570613 -0.0548277159004477 0.00531838462992788 0.0111961964570613 0.248879600089854 0.138107501057833 0.17243890494802 0.457859703054282 0.409990209807544 0.357747555082312 0.457859703054282 0.409990209807544 0.357747555082312
9 "WALKING_DOWNSTAIRS" 0.00378110410452046 -0.00171058052881324 0.00570820403456101 -0.0659685908307481 0.00139038171233259 0.0134864333058743 -0.0659685908307481 0.00139038171233259 0.0134864333058743 0.395653057615121 0.136977676033439 0.181475415978046 0.527292948206528 0.5066665380224 0.350967981113231 0.527292948206528 0.5066665380224 0.350967981113231
9 "WALKING_UPSTAIRS" -0.00311991539501594 -0.0012441211607111 -0.0055865080603699 -0.140564908848342 0.0149356898656633 0.0262729609744898 -0.140564908848342 0.0149356898656633 0.0262729609744898 0.20888705793655 0.120937528896652 0.137286091796526 0.572969047373923 0.460663684104356 0.419486313343282 0.572969047373923 0.460663684104356 0.419486313343282
10 "LAYING" 0.000547105103128502 -0.00375358704768505 -0.00292714793083621 0.00837346312501697 -0.00121594752027074 0.00813820787615124 0.00837346312501697 -0.00121594752027074 0.00813820787615124 0.0117233056356992 0.0108807671365159 0.0103144551281938 0.0350393144679664 0.0374850230689371 0.0157787272868256 0.0350393144679664 0.0374850230689371 0.0157787272868256
10 "SITTING" -0.00143508606709664 0.0010991023025068 0.00133933249643139 -0.0160563844672239 0.00286248873160544 -0.0051946397119809 -0.0160563844672239 0.00286248873160544 -0.0051946397119809 0.00697383196155808 0.0157451061313084 0.00881182840784417 0.0113882671742092 0.0139736256138561 0.0213444160378415 0.0113882671742092 0.0139736256138561 0.0213444160378415
10 "STANDING" -0.000190720315555575 0.000837276782393466 0.000113490389121165 -0.000526556747244673 -0.00602412262545099 0.00748807940069957 -0.000526556747244673 -0.00602412262545099 0.00748807940069957 0.00843535650100979 0.0154747996462617 0.0135874966605671 0.0627467946581554 0.0335036022169274 0.0246199538752239 0.0627467946581554 0.0335036022169274 0.0246199538752239
10 "WALKING" 0.000205733081942806 6.07405887662148e-05 -0.000247713736612618 0.0395670549963738 -0.00343797976463738 0.00546013859215802 0.0395670549963738 -0.00343797976463738 0.00546013859215802 0.268258044354336 0.168678137647544 0.111711296653106 0.511813233886342 0.575495628044352 0.401886467874531 0.511813233886342 0.575495628044352 0.401886467874531
10 "WALKING_DOWNSTAIRS" 0.00264315638248355 -0.00150373690867599 -0.000839381163301809 -0.100210707471916 -0.0146298151562911 -0.00614732127109375 -0.100210707471916 -0.0146298151562911 -0.00614732127109375 0.42240596564843 0.173260189933502 0.14985247474954 0.607131923221983 0.529140358140117 0.469297926396867 0.607131923221983 0.529140358140117 0.469297926396867
10 "WALKING_UPSTAIRS" -0.00215434956525931 0.00144380708187832 -0.00326137924653258 0.104186436201142 -0.00953582886803856 0.000723025549767287 0.104186436201142 -0.00953582886803856 0.000723025549767287 0.273819666354605 0.171614751139922 0.169577546890159 0.603832149257101 0.799046330500612 0.331200962987762 0.603832149257101 0.799046330500612 0.331200962987762
11 "LAYING" 0.00062178799280784 -0.000273612566814693 -0.000158212653562802 0.00876697735026623 0.0147996999648892 0.0290720738328285 0.00876697735026623 0.0147996999648892 0.0290720738328285 0.00636447575712924 0.00648316922268289 0.00818524108180264 0.018386263563087 0.0154515785670656 0.0216100130161106 0.018386263563087 0.0154515785670656 0.0216100130161106
11 "SITTING" -0.000203106322528833 0.00116368043320637 -0.00149729427878184 -0.0127099402137948 -0.000536847548821639 -0.00449620766233284 -0.0127099402137948 -0.000536847548821639 -0.00449620766233284 0.00700803232437759 0.0151604261034037 0.00871414079405582 0.0120049611254391 0.0155997864355462 0.0250251254253328 0.0120049611254391 0.0155997864355462 0.0250251254253328
11 "STANDING" 2.88098197871011e-05 -3.19608303038564e-05 -0.000125196138218551 -0.00169066016978009 -0.000996493683403989 -0.00233420806735539 -0.00169066016978009 -0.000996493683403989 -0.00233420806735539 0.00304996405980735 0.00785382911638265 0.00547482155906652 0.018903861700075 0.00644310703591127 0.0115681015401641 0.018903861700075 0.00644310703591127 0.0115681015401641
11 "WALKING" -0.00118576233387977 0.00025731045791446 0.000730493451867055 -0.0154888148376192 0.00172872601490466 -0.000866744037658898 -0.0154888148376192 0.00172872601490466 -0.000866744037658898 0.188938778424141 0.163643971323513 0.0874366773189193 0.353203059337285 0.385056466445391 0.276162633742064 0.353203059337285 0.385056466445391 0.276162633742064
11 "WALKING_DOWNSTAIRS" 0.00289128510158628 -0.000352272065641984 -0.000912568411128397 -0.100446990796197 0.0216996339872962 -0.012750285821712 -0.100446990796197 0.0216996339872962 -0.012750285821712 0.3726058506217 0.184660193556413 0.124590885600047 0.546764360671869 0.387899265286602 0.331951344997249 0.546764360671869 0.387899265286602 0.331951344997249
11 "WALKING_UPSTAIRS" -0.00284389562994792 -0.00691183572202402 0.000498953284982639 -0.0561219669798322 0.0079672933754485 -0.00997038623119647 -0.0561219669798322 0.0079672933754485 -0.00997038623119647 0.248733591016066 0.154939267115322 0.146289572487407 0.435943108453139 0.551618224875655 0.150038216650645 0.435943108453139 0.551618224875655 0.150038216650645
12 "LAYING" -0.00359865031015964 -0.000200488412744609 4.87296726250001e-05 0.0134283674780807 -0.00416021491336589 0.0260504368187497 0.0134283674780807 -0.00416021491336589 0.0260504368187497 0.0159356714558689 0.0104335847005149 0.012317415408358 0.0312273171752553 0.0373214419099696 0.0263261054278771 0.0312273171752553 0.0373214419099696 0.0263261054278771
12 "SITTING" -0.000529326617102328 0.000707491991895772 0.000660816593788603 -0.015203150503652 -0.000387670351019608 -0.00596902640454044 -0.015203150503652 -0.000387670351019608 -0.00596902640454044 0.00708203878363165 0.013934018347827 0.0138769536325068 0.0239694751813836 0.0322512449421903 0.0256506032037045 0.0239694751813836 0.0322512449421903 0.0256506032037045
12 "STANDING" -3.50191958077613e-05 0.000124781675845799 0.000918557874254355 -0.0024011464640284 0.00195543134382915 -0.00534470724824667 -0.0024011464640284 0.00195543134382915 -0.00534470724824667 0.00751246647910759 0.0148635007756922 0.0172897359936857 0.103012771972852 0.0468174399690749 0.0262257226875677 0.103012771972852 0.0468174399690749 0.0262257226875677
12 "WALKING" -9.21391085156255e-05 0.000827275840871875 0.00170010802277187 -0.0792475920826562 0.0180192490122781 0.00603742439878125 -0.0792475920826562 0.0180192490122781 0.00603742439878125 0.284441839821761 0.151588305727746 0.10902075742299 0.396816118813245 0.423503708202954 0.316839166635546 0.396816118813245 0.423503708202954 0.316839166635546
12 "WALKING_DOWNSTAIRS" 0.000813056907707201 -0.000496247653203125 -0.000412361126878397 -0.0875168323327412 0.0142697908064283 0.00142102502017663 -0.0875168323327412 0.0142697908064283 0.00142102502017663 0.340099960560642 0.191497324556069 0.106429063490695 0.557149576833188 0.402921754829831 0.322825607108299 0.557149576833188 0.402921754829831 0.322825607108299
12 "WALKING_UPSTAIRS" -0.000949088958578726 -0.00483565996215445 0.000319738868057392 -0.0675002597771935 0.0149931818603155 0.00153555737222055 -0.0675002597771935 0.0149931818603155 0.00153555737222055 0.232051059135554 0.154828097713999 0.104328564691607 0.413887582465301 0.367201157923315 0.317108225852408 0.413887582465301 0.367201157923315 0.317108225852408
13 "LAYING" -0.000177106713496686 -0.00173209890462525 0.00131335934914491 0.0185011398386217 -0.0100618412263863 0.0139357563317787 0.0185011398386217 -0.0100618412263863 0.0139357563317787 0.011525666259784 0.0101131182239813 0.0119471038493977 0.0259565555718717 0.0305613712609274 0.018001240353527 0.0259565555718717 0.0305613712609274 0.018001240353527
13 "SITTING" -0.000669198850622449 0.00590644776180357 0.00365393806041614 -0.0080833038323514 -0.0071919979713251 -0.00176575355299107 -0.0080833038323514 -0.0071919979713251 -0.00176575355299107 0.00481503224132374 0.0121596947643521 0.0140605083978249 0.0140257988178764 0.0175752670723336 0.0182211143802775 0.0140257988178764 0.0175752670723336 0.0182211143802775
13 "STANDING" 3.76441025629112e-05 0.000183031390622533 -0.00126074401695869 -0.0019330933757426 -0.000442971225277686 -0.000381312210084978 -0.0019330933757426 -0.000442971225277686 -0.000381312210084978 0.00433596809476904 0.0103737207927797 0.00886379212460399 0.0403824192198814 0.0236586010961221 0.0150543661358185 0.0403824192198814 0.0236586010961221 0.0150543661358185
13 "WALKING" -0.000348818591836623 -0.000748957699904057 -0.00103192277945998 0.010575570404477 -0.00248676045489857 -0.0035018749915159 0.010575570404477 -0.00248676045489857 -0.0035018749915159 0.213586445936151 0.196798404046767 0.143208220699336 0.545030676272071 0.54551016143661 0.31044790489081 0.545030676272071 0.54551016143661 0.31044790489081
13 "WALKING_DOWNSTAIRS" 0.00357174703055186 0.00145068212119215 0.00208566982615692 -0.0979753666131981 0.0228540842802759 0.0110432632994348 -0.0979753666131981 0.0228540842802759 0.0110432632994348 0.304177138465913 0.167075398751593 0.154388756822802 0.509367406135839 0.615306460431179 0.330104372724331 0.509367406135839 0.615306460431179 0.330104372724331
13 "WALKING_UPSTAIRS" -0.00399215926080114 -0.0055603983673125 -0.00576762120330881 -0.114086646859688 0.0352883336794815 0.013431180009233 -0.114086646859688 0.0352883336794815 0.013431180009233 0.230057649175149 0.190410067166888 0.143800419196161 0.401341517000617 0.458586756532074 0.383835416910699 0.401341517000617 0.458586756532074 0.383835416910699
14 "LAYING" -0.00912944379472793 0.00303991352093857 0.00709383268346878 0.033753046970337 -0.0357061180366958 0.0277907943660432 0.033753046970337 -0.0357061180366958 0.0277907943660432 0.0282224510152907 0.0171600019022192 0.0209499359964152 0.0389511420208158 0.0536836892622174 0.0252901504176059 0.0389511420208158 0.0536836892622174 0.0252901504176059
14 "SITTING" 0.000497646235658709 0.00442295448026678 0.00261172089732002 -0.0168784881570679 0.00135067650151065 0.0028854961498287 -0.0168784881570679 0.00135067650151065 0.0028854961498287 0.00911805287849417 0.0162650822464152 0.0169138702477403 0.0183922739247976 0.0310638790027618 0.0249960392206824 0.0183922739247976 0.0310638790027618 0.0249960392206824
14 "STANDING" 0.000612028731561224 0.00101248862367876 0.00148320788232755 0.00576134981127865 0.00836551058066562 -0.0032243599243362 0.00576134981127865 0.00836551058066562 -0.0032243599243362 0.0101035941969312 0.0139435018944933 0.017003523284755 0.0355804669683487 0.0431342223703063 0.0280538750302494 0.0355804669683487 0.0431342223703063 0.0280538750302494
14 "WALKING" -0.00115738359675742 -0.00243394117425847 0.00051244763668697 0.0249569189685434 -0.00389588568707627 -0.0154953113462394 0.0249569189685434 -0.00389588568707627 -0.0154953113462394 0.195502781494002 0.163404707458377 0.192193593229452 0.349683871511596 0.756168407808819 0.425338185587198 0.349683871511596 0.756168407808819 0.425338185587198
14 "WALKING_DOWNSTAIRS" 0.00326562777251042 -0.00150849217334549 0.00511189375942708 0.0133734112198958 -0.00911540855447222 -0.0225713621674653 0.0133734112198958 -0.00911540855447222 -0.0225713621674653 0.332114777973171 0.237285709536301 0.264072991797039 0.563760250538785 0.811155091914513 0.65886213309628 0.563760250538785 0.811155091914513 0.65886213309628
14 "WALKING_UPSTAIRS" -0.00312309149493345 -0.00173124058600116 -0.00131212876441696 0.112477918911863 -0.0221955074349537 -0.0577451707537138 0.112477918911863 -0.0221955074349537 -0.0577451707537138 0.225797484826375 0.22504149368181 0.292386849907574 0.476913123325202 1.1323112796775 0.759903395049659 0.476913123325202 1.1323112796775 0.759903395049659
15 "LAYING" 0.0024523376326194 0.000266714904036024 -0.00337693875565245 0.0111847636428097 0.00558466787017941 0.0120026489182854 0.0111847636428097 0.00558466787017941 0.0120026489182854 0.0104328352864281 0.0080953669927971 0.0156888207491198 0.0389975879409544 0.0317568854049051 0.0232371057892668 0.0389975879409544 0.0317568854049051 0.0232371057892668
15 "SITTING" -0.000962888456975953 0.00284249620218962 -0.00176851520272073 -0.0103508553410916 -0.00271053215285686 0.00392356792502873 -0.0103508553410916 -0.00271053215285686 0.00392356792502873 0.00561491628221451 0.0149887345119125 0.0121368263793874 0.0119708223743832 0.0209029215387847 0.0197369526178166 0.0119708223743832 0.0209029215387847 0.0197369526178166
15 "STANDING" 0.000276156352332842 -0.00063648680571079 0.00079176227921079 0.00147640148534788 0.00378155331808933 -0.00448703211213216 0.00147640148534788 0.00378155331808933 -0.00448703211213216 0.00500900804822589 0.0133670498715695 0.0117174046131773 0.0471630451290068 0.0239565182521207 0.0176058757892214 0.0471630451290068 0.0239565182521207 0.0176058757892214
15 "WALKING" -0.000757667256947338 2.99913346643519e-05 0.000226553781655382 -0.0286854263271991 0.00591304037698785 -0.000922491521652199 -0.0286854263271991 0.00591304037698785 -0.000922491521652199 0.219765638313079 0.196293812576725 0.0895396326095178 0.585466890014413 0.445348795843613 0.25081267091808 0.585466890014413 0.445348795843613 0.25081267091808
15 "WALKING_DOWNSTAIRS" 0.000540567950271577 0.00603592463077009 -0.000732836134354539 -0.112359025363132 0.0179079727913579 -0.00670832715649182 -0.112359025363132 0.0179079727913579 -0.00670832715649182 0.458384884357869 0.204428632228232 0.132152088741757 0.594986640709141 0.481830922710202 0.36502769648812 0.594986640709141 0.481830922710202 0.36502769648812
15 "WALKING_UPSTAIRS" -0.00152255917456087 -0.00609181387196615 -0.00285573608139258 0.121708317158854 -0.0362919205909147 0.00214008021862142 0.121708317158854 -0.0362919205909147 0.00214008021862142 0.317842280012847 0.171868863040062 0.114575665102507 0.510902508118404 0.514728959640143 0.25525118045483 0.510902508118404 0.514728959640143 0.25525118045483
16 "LAYING" -0.000690082359857366 0.000276839680341741 0.00032939762637971 0.0118814889989098 -0.0177598061187734 0.00455347393318371 0.0118814889989098 -0.0177598061187734 0.00455347393318371 0.00996631497940011 0.0114604185047251 0.0092320544104409 0.0217180733679052 0.0244043998370704 0.00956118491201108 0.0217180733679052 0.0244043998370704 0.00956118491201108
16 "SITTING" 0.000657976590047101 0.00361303366648721 0.00633171343982337 -0.013950562877109 0.00762431118636956 -0.00299153891155054 -0.013950562877109 0.00762431118636956 -0.00299153891155054 0.00569898507112585 0.0100003837838931 0.013875090858322 0.0182116766856702 0.0339051673163504 0.0214209826658842 0.0182116766856702 0.0339051673163504 0.0214209826658842
16 "STANDING" 0.00122033567648269 0.000282286028511038 0.00153605368662113 -0.00232966046129393 0.00256072263866587 0.000177689699542788 -0.00232966046129393 0.00256072263866587 0.000177689699542788 0.00496756218444805 0.00851580549264806 0.0113939314106479 0.0248622650423796 0.0172370452377266 0.0107351142323998 0.0248622650423796 0.0172370452377266 0.0107351142323998
16 "WALKING" -0.000319878514473039 -0.0017259296114568 -0.000163984418560049 0.0128946334378661 0.00214181024863266 -0.00197736907808517 0.0128946334378661 0.00214181024863266 -0.00197736907808517 0.194835617012663 0.118825464286008 0.154125001156551 0.302848678252841 0.298577277083848 0.309421606160429 0.302848678252841 0.298577277083848 0.309421606160429
16 "WALKING_DOWNSTAIRS" 0.00371172697163564 -0.000656535042450133 -0.00382074003806516 0.00529860160415558 0.00274264634075798 -0.00123694562044548 0.00529860160415558 0.00274264634075798 -0.00123694562044548 0.393658066851541 0.147452422819332 0.184919418143526 0.476995732705508 0.363083053933625 0.271098819977347 0.476995732705508 0.363083053933625 0.271098819977347
16 "WALKING_UPSTAIRS" -0.00444921395644914 0.0014542960605576 -0.00520843811588995 0.10263546669136 0.0116150023535999 -0.0416590948035846 0.10263546669136 0.0116150023535999 -0.0416590948035846 0.197307701508015 0.14459292002495 0.159612899226391 0.430060334760097 0.318642044650071 0.309646449891285 0.430060334760097 0.318642044650071 0.309646449891285
17 "LAYING" -0.00160653922355832 0.00015313344831228 0.000429891721315801 0.00433087518234815 -0.00908343119579687 0.0111124189300339 0.00433087518234815 -0.00908343119579687 0.0111124189300339 0.0102037737069237 0.0111645882370101 0.0113925395998491 0.0226913814830362 0.0238403497966207 0.0137159562664913 0.0226913814830362 0.0238403497966207 0.0137159562664913
17 "SITTING" -4.50791666518555e-05 0.00156403459697815 -0.0017562370070509 -0.0153405680537429 0.00334773934649536 -0.000144910190222412 -0.0153405680537429 0.00334773934649536 -0.000144910190222412 0.00322377873190125 0.00824924923753567 0.00918908768129792 0.0107218999830723 0.012629855155778 0.0120191031748969 0.0107218999830723 0.012629855155778 0.0120191031748969
17 "STANDING" 7.55777541741787e-05 -0.000143638886373397 -0.00103215099458456 0.000739670474030609 -0.00122978426901282 0.00076275680518133 0.000739670474030609 -0.00122978426901282 0.00076275680518133 0.00428945504937909 0.00716994089453389 0.00833783238750225 0.0179193370465472 0.0134011262460429 0.00919470534247739 0.0179193370465472 0.0134011262460429 0.00919470534247739
17 "WALKING" -0.00107860869036885 -0.000707770505722336 -0.000490384847599897 0.0190306804663292 -0.00435146661043801 -0.00470009816438525 0.0190306804663292 -0.00435146661043801 -0.00470009816438525 0.222514844832932 0.169560196636379 0.135057838563719 0.454681248789743 0.419269245893103 0.299468945994208 0.454681248789743 0.419269245893103 0.299468945994208
17 "WALKING_DOWNSTAIRS" 0.00336787729505774 0.000210966647567935 0.00629773097550951 0.098439885471824 -0.0222034684826257 -0.0310011909952955 0.098439885471824 -0.0222034684826257 -0.0310011909952955 0.387311989917762 0.16217874126374 0.14130903165973 0.549927273142656 0.415939942927432 0.259561983763958 0.549927273142656 0.415939942927432 0.259561983763958
17 "WALKING_UPSTAIRS" -0.00514604121119792 -0.00300357470741602 -0.00428874461253499 -0.00283639389453125 0.00880133264500326 -0.0133837750335449 -0.00283639389453125 0.00880133264500326 -0.0133837750335449 0.305867803387387 0.170313161158747 0.14146067120299 0.440095901609323 0.390094456551499 0.37289386204226 0.440095901609323 0.390094456551499 0.37289386204226
18 "LAYING" -0.000594375465878462 -0.00013407286296512 0.000201081998308606 0.00257703172005361 -0.00425276904417548 0.00329526102096466 0.00257703172005361 -0.00425276904417548 0.00329526102096466 0.0064455973353124 0.00409769407350077 0.00524535869008304 0.00790547164222677 0.0141040940132763 0.00940289957857418 0.00790547164222677 0.0141040940132763 0.00940289957857418
18 "SITTING" -6.30082821226425e-05 0.00223915928642237 -0.0011882797670773 -0.00580734166534205 0.00260049867338788 -0.000672180393871984 -0.00580734166534205 0.00260049867338788 -0.000672180393871984 0.00325494241837402 0.00601658904790216 0.00705918454635992 0.00870281632281216 0.012151664911285 0.0111377313912118 0.00870281632281216 0.012151664911285 0.0111377313912118
18 "STANDING" 0.000181977907688399 0.000263726467105993 -4.81360471346747e-05 0.00112164976939277 0.000502687594757063 -0.000891255473481806 0.00112164976939277 0.000502687594757063 -0.000891255473481806 0.00401138919645479 0.00955356756299916 0.00988241088712863 0.0345681640863327 0.0170021416125431 0.0153527261738194 0.0345681640863327 0.0170021416125431 0.0153527261738194
18 "WALKING" -0.000760027319592634 -0.000348385608563058 0.00135086865554827 -0.0126495858844866 0.0058543683048577 0.00360226082250684 -0.0126495858844866 0.0058543683048577 0.00360226082250684 0.20415610240115 0.133783984390332 0.105830089776879 0.259074978741053 0.38750133538082 0.238763601143275 0.259074978741053 0.38750133538082 0.238763601143275
18 "WALKING_DOWNSTAIRS" 0.00223880059102557 0.000142385612393182 0.00162422789175 -0.0309198196498778 0.00483909505683239 0.0054944793258125 -0.0309198196498778 0.00483909505683239 0.0054944793258125 0.227994526860786 0.129136018928661 0.10758133030559 0.434949164761651 0.295027459247455 0.25220444881105 0.434949164761651 0.295027459247455 0.25220444881105
18 "WALKING_UPSTAIRS" -0.00250894305461476 -0.00265818613400997 -0.0014364029575264 -0.020001472873688 0.00980916234172953 0.00192121905792026 -0.020001472873688 0.00980916234172953 0.00192121905792026 0.202803609230735 0.136491764580266 0.126326950359316 0.355384803203149 0.379183636046563 0.276286584258869 0.355384803203149 0.379183636046563 0.276286584258869
19 "LAYING" -0.00101433578756419 -2.37714281279746e-06 -0.00022259086569695 -0.00364312793470345 -0.00944678550743788 0.00985750914279989 -0.00364312793470345 -0.00944678550743788 0.00985750914279989 0.0127838225302615 0.00626910317258723 0.00578232053528629 0.0179328099220738 0.0298623895013452 0.0151701250281354 0.0179328099220738 0.0298623895013452 0.0151701250281354
19 "SITTING" -0.000771864706626926 0.000209225220825086 -0.000132141072838677 0.00645598878514942 0.0100767143891453 0.00467608779367618 0.00645598878514942 0.0100767143891453 0.00467608779367618 0.00910004842087009 0.0102086130539406 0.0116707627573004 0.015087275438059 0.0328168223426621 0.0188512692402822 0.015087275438059 0.0328168223426621 0.0188512692402822
19 "STANDING" 0.000122926176369307 0.00089888318778339 -0.000242557613205116 0.00266532200352119 0.00505511307914197 -0.00676312085904732 0.00266532200352119 0.00505511307914197 -0.00676312085904732 0.00469653305443537 0.011226531838845 0.011550265010721 0.0486269505339596 0.0253009654435246 0.0212048230551228 0.0486269505339596 0.0253009654435246 0.0212048230551228
19 "WALKING" -0.000751080395372596 -0.00106958837692308 -0.00476649391650541 0.000183357907902646 -0.000369111026676683 -0.00288661519673978 0.000183357907902646 -0.000369111026676683 -0.00288661519673978 0.310431976578504 0.203620469952474 0.157779619340497 0.849486043697414 0.679948293894196 0.435936237788276 0.849486043697414 0.679948293894196 0.435936237788276
19 "WALKING_DOWNSTAIRS" -0.00306806990741186 0.00133432285417748 -0.00838655288767628 -0.183683781497276 0.0459666507875 0.0343581470894631 -0.183683781497276 0.0459666507875 0.0343581470894631 0.53000840004151 0.260509329720509 0.191732914955388 1.10558448104335 0.804513897483923 0.471183307745851 1.10558448104335 0.804513897483923 0.471183307745851
19 "WALKING_UPSTAIRS" -0.00730699633118555 -0.00695530594023828 -0.0141210534711445 0.0686141804520312 -0.0271686011450391 -0.0383132787675664 0.0686141804520312 -0.0271686011450391 -0.0383132787675664 0.2844926672915 0.202689166284992 0.148609623375056 0.518261944318132 0.635374452168848 0.433072597121913 0.518261944318132 0.635374452168848 0.433072597121913
20 "LAYING" -0.00784505722876648 0.00141488723129733 0.0013323678646119 0.00463985194742601 -0.00954934716664292 0.0165295978119578 0.00463985194742601 -0.00954934716664292 0.0165295978119578 0.0136839543658914 0.00786666713247691 0.00795849884977067 0.0152160622771734 0.0227245523605109 0.0155514941634298 0.0152160622771734 0.0227245523605109 0.0155514941634298
20 "SITTING" 9.67907534627604e-05 0.00126681591235914 -2.04795410750473e-05 -0.00900475538347538 0.00418555733406345 -0.00975671365355161 -0.00900475538347538 0.00418555733406345 -0.00975671365355161 0.0069153385745395 0.0126457116579525 0.0157752213734035 0.0223291642605852 0.0325518007488761 0.0284496258555441 0.0223291642605852 0.0325518007488761 0.0284496258555441
20 "STANDING" 0.000103275450374444 -0.000488505269605201 0.00261130139403168 0.00365239392970441 0.00203556314934717 -0.00396810774798461 0.00365239392970441 0.00203556314934717 -0.00396810774798461 0.0120721614670482 0.02301717912655 0.0186461239594721 0.100318562601678 0.0755666358827561 0.0470566492782445 0.100318562601678 0.0755666358827561 0.0470566492782445
20 "WALKING" -0.0010276069877451 -0.00213048636801471 -0.00172828794724265 0.00439814638143383 0.000105807922242648 -0.000529692662239584 0.00439814638143383 0.000105807922242648 -0.000529692662239584 0.258630182334024 0.256230959035603 0.141728040728408 0.669660062516093 0.833234082765819 0.40613599280049 0.669660062516093 0.833234082765819 0.40613599280049
20 "WALKING_DOWNSTAIRS" 0.00382664236535069 0.00393224578834549 0.0012238164825625 -0.0863165379171181 0.03984059838125 0.00777528482376736 -0.0863165379171181 0.03984059838125 0.00777528482376736 0.35052978856815 0.277954562193269 0.153920211833355 0.694043581254785 0.65515466962028 0.563729138011025 0.694043581254785 0.65515466962028 0.563729138011025
20 "WALKING_UPSTAIRS" -0.00525041073318015 -0.0058156146955239 -0.00420071156249004 0.0965282706310049 -0.0452900463158854 -0.012229143274663 0.0965282706310049 -0.0452900463158854 -0.012229143274663 0.288603796033434 0.198563013954072 0.141635382298137 0.443458558472386 0.687361517567959 0.575541558125506 0.443458558472386 0.687361517567959 0.575541558125506
21 "LAYING" -0.00128806485384349 -0.000674077962341146 0.00166947685621892 -0.00292669730053542 -0.0178164348202415 0.00520391188570879 -0.00292669730053542 -0.0178164348202415 0.00520391188570879 0.0160327568171448 0.00908617966459892 0.0127993886400812 0.0231104178322017 0.0386433392279179 0.0112249181525344 0.0231104178322017 0.0386433392279179 0.0112249181525344
21 "SITTING" -7.44929042729779e-06 0.00143568811549807 -0.00123885888246103 0.00804823217335533 0.00407773389325092 -0.00141637236454351 0.00804823217335533 0.00407773389325092 -0.00141637236454351 0.00409017018353994 0.00739186621619132 0.0102971235474806 0.0117910993939843 0.0200922628679637 0.0133422094234801 0.0117910993939843 0.0200922628679637 0.0133422094234801
21 "STANDING" -0.000128495864949034 0.000225373374935569 -0.000697089954132637 0.00876820895362851 0.000238304681608848 6.795197661796e-05 0.00876820895362851 0.000238304681608848 6.795197661796e-05 0.00745529406007664 0.0113680893070606 0.0127149335366102 0.034341513093215 0.0357097999810199 0.0218862051628784 0.034341513093215 0.0357097999810199 0.0218862051628784
21 "WALKING" 0.000331328701195913 -0.000536512911009615 0.00131749951740385 -0.0188298073208984 0.0069123509246244 0.00532825406045883 -0.0188298073208984 0.0069123509246244 0.00532825406045883 0.229560468795806 0.181803198150129 0.152526440896031 0.496114827154748 0.462934782578091 0.335381408062419 0.496114827154748 0.462934782578091 0.335381408062419
21 "WALKING_DOWNSTAIRS" 0.00492229034291667 -9.51388555798615e-05 0.00334931470480556 -0.101807678231372 0.0408845368989757 0.0275632873611267 -0.101807678231372 0.0408845368989757 0.0275632873611267 0.399211140553943 0.224040578994834 0.169952532391812 0.48748012961028 0.496739123330402 0.317038070545663 0.48748012961028 0.496739123330402 0.317038070545663
21 "WALKING_UPSTAIRS" -0.00255153063172433 -0.00345324307783245 -0.0056510107575266 0.0931138493709109 -0.0366987852490858 -0.040630256875 0.0931138493709109 -0.0366987852490858 -0.040630256875 0.248082055665304 0.191318316705668 0.143351301343927 0.40931573546898 0.412988990373428 0.51143180107023 0.40931573546898 0.412988990373428 0.51143180107023
22 "LAYING" 0.00049128767013635 0.0015080625803411 -0.000823633089053602 0.00705828675532986 -0.008232045932023 0.0259672435129253 0.00705828675532986 -0.008232045932023 0.0259672435129253 0.0183995480329846 0.0165485575947737 0.0132863835868101 0.0394554347905489 0.0311888331673685 0.0345117623409153 0.0394554347905489 0.0311888331673685 0.0345117623409153
22 "SITTING" -0.000822662309895161 0.00251310358604561 0.000819333264344758 -0.00863051869568594 -0.00226755714406304 -0.00260690744946036 -0.00863051869568594 -0.00226755714406304 -0.00260690744946036 0.00841477627413952 0.0140232097339293 0.0178508177061661 0.0181578599775042 0.0401541741908418 0.0280963473029101 0.0181578599775042 0.0401541741908418 0.0280963473029101
22 "STANDING" 0.000304607253942684 0.000672338255530754 0.00110340839274454 0.000159554813239088 0.00240765019188418 -0.00574753658287971 0.000159554813239088 0.00240765019188418 -0.00574753658287971 0.00629195819226363 0.0149398556521459 0.0134202098120621 0.0732470068203282 0.0290226422993061 0.021278299471353 0.0732470068203282 0.0290226422993061 0.021278299471353
22 "WALKING" 0.000265601642022758 0.000218613557150136 0.00039479901686481 0.0293439759727242 -0.00981939026701766 -0.00389750708479959 0.0293439759727242 -0.00981939026701766 -0.00389750708479959 0.323507921504673 0.189711966857051 0.144494337555458 0.595121316882836 0.395240276464309 0.413064366663031 0.595121316882836 0.395240276464309 0.413064366663031
22 "WALKING_DOWNSTAIRS" 0.00141849405295139 -0.00139613888576389 0.000294617220388021 -0.0518626541392795 0.00208768676215278 -0.0160491663123481 -0.0518626541392795 0.00208768676215278 -0.0160491663123481 0.439588322920621 0.213530423432414 0.124285921118867 0.665821047455731 0.346261650334949 0.350613162863767 0.665821047455731 0.346261650334949 0.350613162863767
22 "WALKING_UPSTAIRS" -0.00601430835381696 -0.00510041642886533 -0.00305340990318824 0.167752684782757 -0.0483635683343601 -0.0312454789041443 0.167752684782757 -0.0483635683343601 -0.0312454789041443 0.353474702504997 0.215282328723973 0.163150403196561 0.609965246972274 0.392870386699777 0.410004935127337 0.609965246972274 0.392870386699777 0.410004935127337
23 "LAYING" -0.000729063383532335 -0.00236934484084245 0.00133816400801823 0.0168469879495419 -0.0138669616618166 0.0109522472029456 0.0168469879495419 -0.0138669616618166 0.0109522472029456 0.0154685643145548 0.00578055420471171 0.00784133554511117 0.0175045551327696 0.0332478639831441 0.00997825039034205 0.0175045551327696 0.0332478639831441 0.00997825039034205
23 "SITTING" -0.000870590634300574 0.00196359416202734 0.0014861886690131 -0.0201973825683039 0.00266690374684812 -0.00963318358883058 -0.0201973825683039 0.00266690374684812 -0.00963318358883058 0.00544490083444055 0.0128488530169198 0.0200053483348454 0.0187982861212824 0.0417341637927351 0.0216965880773901 0.0187982861212824 0.0417341637927351 0.0216965880773901
23 "STANDING" 6.66789921629366e-05 -0.000319638359316291 -0.000756274249433525 -0.00522367153733132 0.00411442715215074 -0.00205534167009802 -0.00522367153733132 0.00411442715215074 -0.00205534167009802 0.00615517640472048 0.00883248549752251 0.0157206682695108 0.0521959306636262 0.0417607773612365 0.0204032656243438 0.0521959306636262 0.0417607773612365 0.0204032656243438
23 "WALKING" -0.000899312020127118 -0.000641854839935117 -0.00167659521103824 -0.0365518319021345 0.00465923770891128 0.0094571146790776 -0.0365518319021345 0.00465923770891128 0.0094571146790776 0.224457244210728 0.152231087021401 0.212395865640463 0.442046582139685 0.966147021179466 0.384886236950709 0.442046582139685 0.966147021179466 0.384886236950709
23 "WALKING_DOWNSTAIRS" 0.00253925381005498 0.000486227303492477 0.00313667148526042 -0.031093243388355 -0.00495213766179398 0.00399546279489294 -0.031093243388355 -0.00495213766179398 0.00399546279489294 0.340662300997561 0.191057215447945 0.22420720765696 0.510134695274093 0.931215196159694 0.385337704219306 0.510134695274093 0.931215196159694 0.385337704219306
23 "WALKING_UPSTAIRS" -0.00568382952625613 -0.00799685445798713 -0.00613870942734375 0.127339505680884 -0.0168068511272365 -0.0526188996441942 0.127339505680884 -0.0168068511272365 -0.0526188996441942 0.247081505996607 0.180223966313005 0.200990693454184 0.392983603759342 0.542709659046739 0.471027517018874 0.392983603759342 0.542709659046739 0.471027517018874
24 "LAYING" -0.000973787020804905 -0.000114011590823394 0.000353927445508898 0.0137240429077718 -0.00957817188605469 0.011240883063432 0.0137240429077718 -0.00957817188605469 0.011240883063432 0.0118206676066413 0.00461607006880891 0.00777956815946245 0.0168058902229336 0.0324024928370416 0.0110525769217756 0.0168058902229336 0.0324024928370416 0.0110525769217756
24 "SITTING" -0.000844946286880375 0.00210468368108286 0.00173976376489108 -0.00819724311048368 -0.000304247718649242 -0.0027833479657832 -0.00819724311048368 -0.000304247718649242 -0.0027833479657832 0.0044746992169031 0.00920635166931864 0.0107488290566089 0.0120513424253895 0.0188877082805819 0.0160997236861449 0.0120513424253895 0.0188877082805819 0.0160997236861449
24 "STANDING" 0.000571486425564266 0.00139500511128444 2.81071229506339e-05 -0.000192109370832654 0.0022957252798793 -0.00407544925582242 -0.000192109370832654 0.0022957252798793 -0.00407544925582242 0.00555919068002549 0.0125177139383254 0.0155635293925433 0.0358879506100518 0.027044663800474 0.0167383701467678 0.0358879506100518 0.027044663800474 0.0167383701467678
24 "WALKING" -0.000122607251185345 -0.00283577161773653 -0.000755922770875539 -0.0276791369560937 0.00383580612878772 0.00480999790343831 -0.0276791369560937 0.00383580612878772 0.00480999790343831 0.173369344453918 0.146233780845371 0.130918794864905 0.366917891364675 0.394594050165022 0.294573905822097 0.366917891364675 0.394594050165022 0.294573905822097
24 "WALKING_DOWNSTAIRS" 0.00227831390532102 0.00134543776216477 0.00115249856201705 -0.0608825992774659 0.00907925993384943 0.0113483894395028 -0.0608825992774659 0.00907925993384943 0.0113483894395028 0.299441316636735 0.15503496074246 0.145894473895894 0.496388099870734 0.396502297250698 0.24861218528175 0.496388099870734 0.396502297250698 0.24861218528175
24 "WALKING_UPSTAIRS" -0.00158572095554555 -0.00422746342698623 -0.00196254279941075 0.119627441872113 -0.014264289788223 -0.0272209411785858 0.119627441872113 -0.014264289788223 -0.0272209411785858 0.214425034179441 0.152609663496876 0.136896397122434 0.369679194448213 0.33230557981753 0.353432007880855 0.369679194448213 0.33230557981753 0.353432007880855
25 "LAYING" -0.0055196531994771 -0.000921155939709975 0.0026026894922149 0.0323865330650111 0.00121868451189148 0.0236280623358345 0.0323865330650111 0.00121868451189148 0.0236280623358345 0.0309468947070471 0.0543883141083633 0.0538726776206147 0.0976883169570014 0.0505213211891048 0.0453209586103265 0.0976883169570014 0.0505213211891048 0.0453209586103265
25 "SITTING" 0.000199015835556418 0.00124229487517572 -0.000281714725440865 -0.00776639433204154 -0.000208080447641226 -0.000466669057989303 -0.00776639433204154 -0.000208080447641226 -0.000466669057989303 0.00405263053321154 0.0107093709276219 0.00929512748945172 0.010487428585751 0.016407818984651 0.0154412597016829 0.010487428585751 0.016407818984651 0.0154412597016829
25 "STANDING" 9.0250402082992e-05 0.00040973962177386 0.000315369828221199 0.00297049700123606 0.0020099217136288 -0.000471026596438978 0.00297049700123606 0.0020099217136288 -0.000471026596438978 0.0040275162072336 0.00949449643937134 0.00938448199846331 0.0266410521551826 0.019803560385856 0.0158399580266176 0.0266410521551826 0.019803560385856 0.0158399580266176
25 "WALKING" 0.000292015385586993 -0.000791808649862753 -0.000142045032347973 0.0124219189608319 -0.00349339046467483 0.000200971334026605 0.0124219189608319 -0.00349339046467483 0.000200971334026605 0.132676876214567 0.144914136002536 0.104250160459671 0.523174418778638 0.305131280195338 0.21389610016353 0.523174418778638 0.305131280195338 0.21389610016353
25 "WALKING_DOWNSTAIRS" 0.00283441407404364 -0.00203453177822468 0.000368416342909483 0.0316273511905655 -0.01208905139375 0.00519699589731681 0.0316273511905655 -0.01208905139375 0.00519699589731681 0.243875002752261 0.148554827692378 0.100502541005873 0.620995719599269 0.36687342761903 0.271513235102471 0.620995719599269 0.36687342761903 0.271513235102471
25 "WALKING_UPSTAIRS" 8.64815500600962e-05 -0.00516550642107644 -0.00591401988219952 0.0858980194822692 -0.0158466448487764 0.0058819984968512 0.0858980194822692 -0.0158466448487764 0.0058819984968512 0.176938959869248 0.134453477387971 0.129536936374028 0.446671315104531 0.435543768629918 0.213208360293401 0.446671315104531 0.435543768629918 0.213208360293401
26 "LAYING" -0.00122203810483697 -0.0010759953551472 0.00109180788306312 0.0109418445104543 -0.00721646111927529 0.0292567790642997 0.0109418445104543 -0.00721646111927529 0.0292567790642997 0.0113458468322338 0.00459815173714061 0.00581340056374734 0.0101211546401659 0.017837669442564 0.0170562177903617 0.0101211546401659 0.017837669442564 0.0170562177903617
26 "SITTING" -0.00398400120259051 0.00524749361931651 0.00358841246638722 -0.00963987647940563 -0.0043909801513778 -0.00673703900600789 -0.00963987647940563 -0.0043909801513778 -0.00673703900600789 0.00799169936040557 0.011846867015611 0.0120169850158947 0.00951202265694971 0.0223395708290005 0.0184414620727279 0.00951202265694971 0.0223395708290005 0.0184414620727279
26 "STANDING" 0.000731848530402027 0.000250362357981419 -0.000637609034096073 0.00323874187317525 0.000542164670334565 -0.00383376694465498 0.00323874187317525 0.000542164670334565 -0.00383376694465498 0.00367036942726512 0.010366252909853 0.00968198395864605 0.0245270008834557 0.0154779902210168 0.0143499709005628 0.0245270008834557 0.0154779902210168 0.0143499709005628
26 "WALKING" 0.000348004589805455 0.000898068456533369 -0.000204603757272246 0.0250968631922934 -0.00442977076982256 -0.000542557285116525 0.0250968631922934 -0.00442977076982256 -0.000542557285116525 0.215794116497439 0.149270469865425 0.122889705819611 0.443297879507467 0.326792843507268 0.314718968971549 0.443297879507467 0.326792843507268 0.314718968971549
26 "WALKING_DOWNSTAIRS" 0.0003521545298125 0.00236678302841562 0.000617083384053125 0.0174531794521506 -0.0117581637511406 -0.00181966372759375 0.0174531794521506 -0.0117581637511406 -0.00181966372759375 0.382839406998407 0.170576613805205 0.131643959673919 0.583996709413718 0.405126204407831 0.325612871824347 0.583996709413718 0.405126204407831 0.325612871824347
26 "WALKING_UPSTAIRS" -0.00100657406355398 -0.00578287271408097 -0.00450446375028474 0.00297007638579546 0.00387346435761364 -0.00627898058804088 0.00297007638579546 0.00387346435761364 -0.00627898058804088 0.27141050432377 0.164163198622099 0.110101420011102 0.393323371623625 0.305847028312446 0.336731132419668 0.393323371623625 0.305847028312446 0.336731132419668
27 "LAYING" -0.000715774459380279 -0.00044510517114584 0.0002008160184178 0.00838708109514896 -0.00968208361351541 0.0143423844917775 0.00838708109514896 -0.00968208361351541 0.0143423844917775 0.00841856814274838 0.00451193532332102 0.00542909205824446 0.0114195163778314 0.0140393294131175 0.0126631975319254 0.0114195163778314 0.0140393294131175 0.0126631975319254
27 "SITTING" -0.000748992606980601 0.000845081734739665 0.000920238230581138 -0.00980627148723996 -0.00243588283629286 -0.00130896586269194 -0.00980627148723996 -0.00243588283629286 -0.00130896586269194 0.00512894254453977 0.00658869898368912 0.00916579177531565 0.0117197594785488 0.0157387851616576 0.0139519842032889 0.0117197594785488 0.0157387851616576 0.0139519842032889
27 "STANDING" 0.000410339167937539 0.000285816472402539 0.000155861659168105 0.000972796377393164 0.0030847320945248 -0.00648334665858828 0.000972796377393164 0.0030847320945248 -0.00648334665858828 0.00403354072269024 0.00939162402749874 0.00978628157884006 0.0279084376096347 0.0154084442160054 0.0112557245225921 0.0279084376096347 0.0154084442160054 0.0112557245225921
27 "WALKING" -0.000149672883608827 0.000257155793152412 -0.00149137185294682 -0.0597289915398026 0.0170685330708059 0.0141340968396162 -0.0597289915398026 0.0170685330708059 0.0141340968396162 0.213100661907851 0.140566723323873 0.129394091394474 0.344047981748305 0.361907410896821 0.365283196248048 0.344047981748305 0.361907410896821 0.365283196248048
27 "WALKING_DOWNSTAIRS" 0.0041151080609375 0.00187865207728338 -0.00149646042804155 -0.136294460337784 0.02619848853419 0.0293712710093928 -0.136294460337784 0.02619848853419 0.0293712710093928 0.380712489876081 0.155826982362451 0.139694702282575 0.555773836601046 0.398691792821435 0.361542399342705 0.555773836601046 0.398691792821435 0.361542399342705
27 "WALKING_UPSTAIRS" -0.00243288825597426 -0.00155107786253983 -0.0050287061566299 -0.068439899939185 0.034523197957091 0.0238100485789982 -0.068439899939185 0.034523197957091 0.0238100485789982 0.230332207965707 0.156332742123246 0.141373104503468 0.38271118061806 0.317429538420345 0.404096391352728 0.38271118061806 0.317429538420345 0.404096391352728
28 "LAYING" -0.000342564286266641 0.000201606224096484 -1.22932526335937e-05 0.0106302927827846 -0.0104337201940339 0.00320715394940145 0.0106302927827846 -0.0104337201940339 0.00320715394940145 0.0115268664369735 0.0110631316160937 0.0108577686175185 0.0407439050220971 0.0325878150453997 0.0204104207041765 0.0407439050220971 0.0325878150453997 0.0204104207041765
28 "SITTING" -0.000123264144005642 -0.000735519019102691 -0.0010604921564197 -0.0064221281444911 0.00313563108304253 0.000306541261867188 -0.0064221281444911 0.00313563108304253 0.000306541261867188 0.00685329936968112 0.0119995409764899 0.0144155011987142 0.0194006670678952 0.0354515814871507 0.0231907428763009 0.0194006670678952 0.0354515814871507 0.0231907428763009
28 "STANDING" 4.51944329906052e-05 -6.57518092072785e-05 0.000570912089047864 0.00242029376381448 0.000198311946478837 8.16653749469937e-05 0.00242029376381448 0.000198311946478837 8.16653749469937e-05 0.00864811646135582 0.0229695512232991 0.0200881750613255 0.102684495482779 0.0479373057763781 0.0382693517908603 0.102684495482779 0.0479373057763781 0.0382693517908603
28 "WALKING" 0.000752701339803241 0.00076693321725868 0.00151723197232639 -0.0806734690976128 0.0257609634136285 0.0131595852212818 -0.0806734690976128 0.0257609634136285 0.0131595852212818 0.231123679433876 0.152424877240309 0.128744857451537 0.433794832108375 0.386542545995777 0.368923898392147 0.433794832108375 0.386542545995777 0.368923898392147
28 "WALKING_DOWNSTAIRS" 0.00331095781681726 -0.00256218909384171 -9.29366437601902e-05 -0.116977051978838 0.0367719309682762 0.0231428736772079 -0.116977051978838 0.0367719309682762 0.0231428736772079 0.367165786787299 0.199297636297267 0.121532780027124 0.639037492557335 0.568976973456395 0.337730058473329 0.639037492557335 0.568976973456395 0.337730058473329
28 "WALKING_UPSTAIRS" -0.00320866146053462 -0.00566801100804075 -0.00436260363939798 -0.104875886137384 0.0431467744525888 0.0076958431196538 -0.104875886137384 0.0431467744525888 0.0076958431196538 0.247674578223431 0.147493415624257 0.131431888466737 0.420715642304322 0.400600870663003 0.394729068133135 0.420715642304322 0.400600870663003 0.394729068133135
29 "LAYING" 0.00200298783249685 -3.0628438827808e-05 -0.00038135441482971 0.00190467512063587 -0.000831667499335156 0.0181812389240459 0.00190467512063587 -0.000831667499335156 0.0181812389240459 0.00654569802367715 0.0034007041354751 0.00531792511942735 0.00668286297433032 0.00756038973614466 0.0142999733892284 0.00668286297433032 0.00756038973614466 0.0142999733892284
29 "SITTING" -8.15641525372135e-05 0.000266176598533854 -0.00069509552309974 -0.0105736248255046 -0.000560017877873828 -0.0125178640810366 -0.0105736248255046 -0.000560017877873828 -0.0125178640810366 0.00442555668297803 0.00801625981429409 0.00876922549859137 0.0102513343846895 0.010941630376972 0.0161237699285876 0.0102513343846895 0.010941630376972 0.0161237699285876
29 "STANDING" 8.02273955768029e-05 -6.42174515523317e-05 -0.000116090988365625 6.94343238810337e-05 0.0010083357562506 -0.00158200171385481 6.94343238810337e-05 0.0010083357562506 -0.00158200171385481 0.00269589941460357 0.0069787725029355 0.00658535523455618 0.0208611540485196 0.00938697558611428 0.0102452813532615 0.0208611540485196 0.00938697558611428 0.0102452813532615
29 "WALKING" -0.00114907430017659 0.000444050024882076 0.000553390141995872 0.0203363404825678 -0.00344072565208137 -0.000286608200722288 0.0203363404825678 -0.00344072565208137 -0.000286608200722288 0.269678452018307 0.156889021579592 0.139193449879474 0.351007106535308 0.628355096961607 0.27807316748732 0.351007106535308 0.628355096961607 0.27807316748732
29 "WALKING_DOWNSTAIRS" 0.00320758058274414 0.00115232243517708 0.00336076483104167 -0.0100429886314128 -0.00486041562519531 -0.00181833192034831 -0.0100429886314128 -0.00486041562519531 -0.00181833192034831 0.380704716245152 0.151642940916146 0.142727254354783 0.62687149247679 0.468624244231351 0.33574600205776 0.62687149247679 0.468624244231351 0.33574600205776
29 "WALKING_UPSTAIRS" -0.00250443714551977 -0.00671815837600606 -0.00320197319943559 0.124663075774083 -0.0352114136439254 -0.000398766146795281 0.124663075774083 -0.0352114136439254 -0.000398766146795281 0.298129009054982 0.151700200325563 0.200764667903675 0.590447809205065 0.80282633204084 0.304906157230273 0.590447809205065 0.80282633204084 0.304906157230273
30 "LAYING" 0.000712655419118304 -0.00121228322621984 0.00153591426932232 0.000921674406119754 -0.000816406783695312 0.00332580912756205 0.000921674406119754 -0.000816406783695312 0.00332580912756205 0.00909847172368132 0.00955725969227243 0.00895259491193439 0.0246334915435502 0.0280068007165641 0.0172562310671206 0.0246334915435502 0.0280068007165641 0.0172562310671206
30 "SITTING" -0.0019041208092849 0.00476826321738785 0.00290441717504083 -0.00842381661672383 -6.39235492666327e-06 -0.00714010054894555 -0.00842381661672383 -6.39235492666327e-06 -0.00714010054894555 0.0067396035766143 0.0123494420381658 0.0119001580375133 0.0120330379196233 0.0200179508389371 0.0239555843564671 0.0120330379196233 0.0200179508389371 0.0239555843564671
30 "STANDING" -9.54288057907839e-05 6.38676100415783e-05 -0.000148180825106462 6.29407808792371e-05 0.00329859679348814 -0.00269153165282548 6.29407808792371e-05 0.00329859679348814 -0.00269153165282548 0.00870959178073545 0.0202422007641691 0.0186986153811562 0.078845015401059 0.0474021396405918 0.0356821615708846 0.078845015401059 0.0474021396405918 0.0356821615708846
30 "WALKING" -0.000240909416594952 -0.00023597005665625 0.00319866433296875 -0.0188485731354808 0.00425411505637019 -0.00105158165505288 -0.0188485731354808 0.00425411505637019 -0.00105158165505288 0.21377687740787 0.142915835473798 0.161196730528146 0.534702305242782 0.772123337233127 0.397991194092752 0.534702305242782 0.772123337233127 0.397991194092752
30 "WALKING_DOWNSTAIRS" 0.00115711926984627 -0.000157477854823589 0.00275157015383064 -0.0483540124795287 0.00227018435255796 0.00143575625289818 -0.0483540124795287 0.00227018435255796 0.00143575625289818 0.307551592370185 0.167906047869512 0.143788708716764 0.640938609329952 0.549055369022864 0.343373220921677 0.640938609329952 0.549055369022864 0.343373220921677
30 "WALKING_UPSTAIRS" -0.00126948207129808 -0.00429734234890625 -0.00541423122460337 0.0248711141269712 -0.00163497020100565 -0.00215225612540865 0.0248711141269712 -0.00163497020100565 -0.00215225612540865 0.212441461879765 0.150814810248174 0.187349269742007 0.442469036206698 0.703187821950686 0.383947525358467 0.442469036206698 0.703187821950686 0.383947525358467
